0.074 1 1 4000 0.00025 0.00025
0.076 2 3 4000 0.0005 0.00075
0.077 2 5 4000 0.0005 0.00125
0.078 6 11 4000 0.0015 0.00275
0.079 4 15 4000 0.001 0.00375
0.08 4 19 4000 0.001 0.00475
0.081 11 30 4000 0.00275 0.0075
0.082 9 39 4000 0.00225 0.00975
0.083 15 54 4000 0.00375 0.0135
0.084 9 63 4000 0.00225 0.01575
0.085 17 80 4000 0.00425 0.02
0.086 18 98 4000 0.0045 0.0245
0.087 27 125 4000 0.00675 0.03125
0.088 26 151 4000 0.0065 0.03775
0.089 36 187 4000 0.009 0.04675
0.09 38 225 4000 0.0095 0.05625
0.091 40 265 4000 0.01 0.06625
0.092 35 300 4000 0.00875 0.075
0.093 34 334 4000 0.0085 0.0835
0.094 56 390 4000 0.014 0.0975
0.095 48 438 4000 0.012 0.1095
0.096 70 508 4000 0.0175 0.127
0.097 67 575 4000 0.01675 0.14375
0.098 65 640 4000 0.01625 0.16
0.099 73 713 4000 0.01825 0.17825
0.1 75 788 4000 0.01875 0.197
0.101 63 851 4000 0.01575 0.21275
0.102 62 913 4000 0.0155 0.22825
0.103 66 979 4000 0.0165 0.24475
0.104 72 1051 4000 0.018 0.26275
0.105 72 1123 4000 0.018 0.28075
0.106 68 1191 4000 0.017 0.29775
0.107 70 1261 4000 0.0175 0.31525
0.108 74 1335 4000 0.0185 0.33375
0.109 74 1409 4000 0.0185 0.35225
0.11 79 1488 4000 0.01975 0.372
0.111 81 1569 4000 0.02025 0.39225
0.112 84 1653 4000 0.021 0.41325
0.113 69 1722 4000 0.01725 0.4305
0.114 67 1789 4000 0.01675 0.44725
0.115 74 1863 4000 0.0185 0.46575
0.116 62 1925 4000 0.0155 0.48125
0.117 69 1994 4000 0.01725 0.4985
0.118 53 2047 4000 0.01325 0.51175
0.119 65 2112 4000 0.01625 0.528
0.12 50 2162 4000 0.0125 0.5405
0.121 78 2240 4000 0.0195 0.56
0.122 59 2299 4000 0.01475 0.57475
0.123 60 2359 4000 0.015 0.58975
0.124 57 2416 4000 0.01425 0.604
0.125 52 2468 4000 0.013 0.617
0.126 57 2525 4000 0.01425 0.63125
0.127 50 2575 4000 0.0125 0.64375
0.128 52 2627 4000 0.013 0.65675
0.129 57 2684 4000 0.01425 0.671
0.13 47 2731 4000 0.01175 0.68275
0.131 43 2774 4000 0.01075 0.6935
0.132 36 2810 4000 0.009 0.7025
0.133 41 2851 4000 0.01025 0.71275
0.134 50 2901 4000 0.0125 0.72525
0.135 57 2958 4000 0.01425 0.7395
0.136 33 2991 4000 0.00825 0.74775
0.137 31 3022 4000 0.00775 0.7555
0.138 32 3054 4000 0.008 0.7635
0.139 40 3094 4000 0.01 0.7735
0.14 38 3132 4000 0.0095 0.783
0.141 28 3160 4000 0.007 0.79
0.142 35 3195 4000 0.00875 0.79875
0.143 27 3222 4000 0.00675 0.8055
0.144 39 3261 4000 0.00975 0.81525
0.145 36 3297 4000 0.009 0.82425
0.146 21 3318 4000 0.00525 0.8295
0.147 24 3342 4000 0.006 0.8355
0.148 28 3370 4000 0.007 0.8425
0.149 23 3393 4000 0.00575 0.84825
0.15 19 3412 4000 0.00475 0.853
0.151 20 3432 4000 0.005 0.858
0.152 21 3453 4000 0.00525 0.86325
0.153 28 3481 4000 0.007 0.87025
0.154 24 3505 4000 0.006 0.87625
0.155 8 3513 4000 0.002 0.87825
0.156 19 3532 4000 0.00475 0.883
0.157 17 3549 4000 0.00425 0.88725
0.158 17 3566 4000 0.00425 0.8915
0.159 16 3582 4000 0.004 0.8955
0.16 13 3595 4000 0.00325 0.89875
0.161 26 3621 4000 0.0065 0.90525
0.162 17 3638 4000 0.00425 0.9095
0.163 18 3656 4000 0.0045 0.914
0.164 14 3670 4000 0.0035 0.9175
0.165 12 3682 4000 0.003 0.9205
0.166 8 3690 4000 0.002 0.9225
0.167 12 3702 4000 0.003 0.9255
0.168 12 3714 4000 0.003 0.9285
0.169 12 3726 4000 0.003 0.9315
0.17 8 3734 4000 0.002 0.9335
0.171 12 3746 4000 0.003 0.9365
0.172 13 3759 4000 0.00325 0.93975
0.173 13 3772 4000 0.00325 0.943
0.174 12 3784 4000 0.003 0.946
0.175 10 3794 4000 0.0025 0.9485
0.176 5 3799 4000 0.00125 0.94975
0.177 10 3809 4000 0.0025 0.95225
0.178 6 3815 4000 0.0015 0.95375
0.179 8 3823 4000 0.002 0.95575
0.18 5 3828 4000 0.00125 0.957
0.181 9 3837 4000 0.00225 0.95925
0.182 5 3842 4000 0.00125 0.9605
0.183 10 3852 4000 0.0025 0.963
0.184 9 3861 4000 0.00225 0.96525
0.185 12 3873 4000 0.003 0.96825
0.186 11 3884 4000 0.00275 0.971
0.187 6 3890 4000 0.0015 0.9725
0.188 7 3897 4000 0.00175 0.97425
0.189 6 3903 4000 0.0015 0.97575
0.19 5 3908 4000 0.00125 0.977
0.191 5 3913 4000 0.00125 0.97825
0.192 3 3916 4000 0.00075 0.979
0.193 4 3920 4000 0.001 0.98
0.194 6 3926 4000 0.0015 0.9815
0.195 4 3930 4000 0.001 0.9825
0.196 3 3933 4000 0.00075 0.98325
0.197 3 3936 4000 0.00075 0.984
0.198 2 3938 4000 0.0005 0.9845
0.199 3 3941 4000 0.00075 0.98525
0.2 1 3942 4000 0.00025 0.9855
0.201 1 3943 4000 0.00025 0.98575
0.202 3 3946 4000 0.00075 0.9865
0.203 6 3952 4000 0.0015 0.988
0.204 1 3953 4000 0.00025 0.98825
0.205 4 3957 4000 0.001 0.98925
0.206 1 3958 4000 0.00025 0.9895
0.207 2 3960 4000 0.0005 0.99
0.208 1 3961 4000 0.00025 0.99025
0.209 2 3963 4000 0.0005 0.99075
0.21 5 3968 4000 0.00125 0.992
0.211 1 3969 4000 0.00025 0.99225
0.216 2 3971 4000 0.0005 0.99275
0.217 2 3973 4000 0.0005 0.99325
0.219 1 3974 4000 0.00025 0.9935
0.222 1 3975 4000 0.00025 0.99375
0.224 2 3977 4000 0.0005 0.99425
0.225 1 3978 4000 0.00025 0.9945
0.23 1 3979 4000 0.00025 0.99475
0.231 1 3980 4000 0.00025 0.995
0.233 2 3982 4000 0.0005 0.9955
0.234 1 3983 4000 0.00025 0.99575
0.238 1 3984 4000 0.00025 0.996
0.243 1 3985 4000 0.00025 0.99625
0.249 2 3987 4000 0.0005 0.99675
0.251 1 3988 4000 0.00025 0.997
0.253 1 3989 4000 0.00025 0.99725
0.259 2 3991 4000 0.0005 0.99775
0.262 1 3992 4000 0.00025 0.998
0.268 2 3994 4000 0.0005 0.9985
0.274 1 3995 4000 0.00025 0.99875
0.277 1 3996 4000 0.00025 0.999
0.286 1 3997 4000 0.00025 0.99925
0.288 1 3998 4000 0.00025 0.9995
0.296 1 3999 4000 0.00025 0.99975
0.301 1 4000 4000 0.00025 1.0
