0.074 2 2 4000 0.0005 0.0005
0.076 1 3 4000 0.00025 0.00075
0.077 3 6 4000 0.00075 0.0015
0.078 3 9 4000 0.00075 0.00225
0.079 6 15 4000 0.0015 0.00375
0.08 7 22 4000 0.00175 0.0055
0.081 13 35 4000 0.00325 0.00875
0.082 9 44 4000 0.00225 0.011
0.083 16 60 4000 0.004 0.015
0.084 14 74 4000 0.0035 0.0185
0.085 19 93 4000 0.00475 0.02325
0.086 28 121 4000 0.007 0.03025
0.087 25 146 4000 0.00625 0.0365
0.088 29 175 4000 0.00725 0.04375
0.089 33 208 4000 0.00825 0.052
0.09 38 246 4000 0.0095 0.0615
0.091 27 273 4000 0.00675 0.06825
0.092 39 312 4000 0.00975 0.078
0.093 39 351 4000 0.00975 0.08775
0.094 53 404 4000 0.01325 0.101
0.095 41 445 4000 0.01025 0.11125
0.096 48 493 4000 0.012 0.12325
0.097 56 549 4000 0.014 0.13725
0.098 64 613 4000 0.016 0.15325
0.099 42 655 4000 0.0105 0.16375
0.1 73 728 4000 0.01825 0.182
0.101 56 784 4000 0.014 0.196
0.102 53 837 4000 0.01325 0.20925
0.103 59 896 4000 0.01475 0.224
0.104 58 954 4000 0.0145 0.2385
0.105 60 1014 4000 0.015 0.2535
0.106 58 1072 4000 0.0145 0.268
0.107 71 1143 4000 0.01775 0.28575
0.108 57 1200 4000 0.01425 0.3
0.109 66 1266 4000 0.0165 0.3165
0.11 48 1314 4000 0.012 0.3285
0.111 50 1364 4000 0.0125 0.341
0.112 61 1425 4000 0.01525 0.35625
0.113 56 1481 4000 0.014 0.37025
0.114 53 1534 4000 0.01325 0.3835
0.115 51 1585 4000 0.01275 0.39625
0.116 62 1647 4000 0.0155 0.41175
0.117 52 1699 4000 0.013 0.42475
0.118 56 1755 4000 0.014 0.43875
0.119 53 1808 4000 0.01325 0.452
0.12 40 1848 4000 0.01 0.462
0.121 46 1894 4000 0.0115 0.4735
0.122 50 1944 4000 0.0125 0.486
0.123 34 1978 4000 0.0085 0.4945
0.124 53 2031 4000 0.01325 0.50775
0.125 46 2077 4000 0.0115 0.51925
0.126 37 2114 4000 0.00925 0.5285
0.127 35 2149 4000 0.00875 0.53725
0.128 43 2192 4000 0.01075 0.548
0.129 41 2233 4000 0.01025 0.55825
0.13 45 2278 4000 0.01125 0.5695
0.131 34 2312 4000 0.0085 0.578
0.132 33 2345 4000 0.00825 0.58625
0.133 31 2376 4000 0.00775 0.594
0.134 41 2417 4000 0.01025 0.60425
0.135 45 2462 4000 0.01125 0.6155
0.136 33 2495 4000 0.00825 0.62375
0.137 35 2530 4000 0.00875 0.6325
0.138 41 2571 4000 0.01025 0.64275
0.139 22 2593 4000 0.0055 0.64825
0.14 33 2626 4000 0.00825 0.6565
0.141 33 2659 4000 0.00825 0.66475
0.142 27 2686 4000 0.00675 0.6715
0.143 24 2710 4000 0.006 0.6775
0.144 23 2733 4000 0.00575 0.68325
0.145 33 2766 4000 0.00825 0.6915
0.146 26 2792 4000 0.0065 0.698
0.147 19 2811 4000 0.00475 0.70275
0.148 19 2830 4000 0.00475 0.7075
0.149 28 2858 4000 0.007 0.7145
0.15 24 2882 4000 0.006 0.7205
0.151 23 2905 4000 0.00575 0.72625
0.152 22 2927 4000 0.0055 0.73175
0.153 27 2954 4000 0.00675 0.7385
0.154 17 2971 4000 0.00425 0.74275
0.155 12 2983 4000 0.003 0.74575
0.156 19 3002 4000 0.00475 0.7505
0.157 21 3023 4000 0.00525 0.75575
0.158 20 3043 4000 0.005 0.76075
0.159 15 3058 4000 0.00375 0.7645
0.16 19 3077 4000 0.00475 0.76925
0.161 16 3093 4000 0.004 0.77325
0.162 9 3102 4000 0.00225 0.7755
0.163 14 3116 4000 0.0035 0.779
0.164 12 3128 4000 0.003 0.782
0.165 13 3141 4000 0.00325 0.78525
0.166 13 3154 4000 0.00325 0.7885
0.167 16 3170 4000 0.004 0.7925
0.168 15 3185 4000 0.00375 0.79625
0.169 18 3203 4000 0.0045 0.80075
0.17 7 3210 4000 0.00175 0.8025
0.171 13 3223 4000 0.00325 0.80575
0.172 5 3228 4000 0.00125 0.807
0.173 6 3234 4000 0.0015 0.8085
0.174 9 3243 4000 0.00225 0.81075
0.175 6 3249 4000 0.0015 0.81225
0.176 10 3259 4000 0.0025 0.81475
0.177 6 3265 4000 0.0015 0.81625
0.178 8 3273 4000 0.002 0.81825
0.179 10 3283 4000 0.0025 0.82075
0.18 7 3290 4000 0.00175 0.8225
0.181 9 3299 4000 0.00225 0.82475
0.182 4 3303 4000 0.001 0.82575
0.183 12 3315 4000 0.003 0.82875
0.184 4 3319 4000 0.001 0.82975
0.185 7 3326 4000 0.00175 0.8315
0.186 4 3330 4000 0.001 0.8325
0.187 6 3336 4000 0.0015 0.834
0.188 7 3343 4000 0.00175 0.83575
0.189 1 3344 4000 0.00025 0.836
0.19 5 3349 4000 0.00125 0.83725
0.191 4 3353 4000 0.001 0.83825
0.192 6 3359 4000 0.0015 0.83975
0.193 1 3360 4000 0.00025 0.84
0.194 4 3364 4000 0.001 0.841
0.195 3 3367 4000 0.00075 0.84175
0.196 2 3369 4000 0.0005 0.84225
0.197 2 3371 4000 0.0005 0.84275
0.198 2 3373 4000 0.0005 0.84325
0.199 5 3378 4000 0.00125 0.8445
0.2 4 3382 4000 0.001 0.8455
0.201 4 3386 4000 0.001 0.8465
0.202 3 3389 4000 0.00075 0.84725
0.203 1 3390 4000 0.00025 0.8475
0.204 2 3392 4000 0.0005 0.848
0.205 6 3398 4000 0.0015 0.8495
0.206 3 3401 4000 0.00075 0.85025
0.207 2 3403 4000 0.0005 0.85075
0.208 1 3404 4000 0.00025 0.851
0.209 5 3409 4000 0.00125 0.85225
0.21 2 3411 4000 0.0005 0.85275
0.211 1 3412 4000 0.00025 0.853
0.212 3 3415 4000 0.00075 0.85375
0.213 1 3416 4000 0.00025 0.854
0.214 2 3418 4000 0.0005 0.8545
0.215 1 3419 4000 0.00025 0.85475
0.216 2 3421 4000 0.0005 0.85525
0.217 3 3424 4000 0.00075 0.856
0.218 1 3425 4000 0.00025 0.85625
0.22 2 3427 4000 0.0005 0.85675
0.222 2 3429 4000 0.0005 0.85725
0.223 1 3430 4000 0.00025 0.8575
0.224 1 3431 4000 0.00025 0.85775
0.226 2 3433 4000 0.0005 0.85825
0.227 3 3436 4000 0.00075 0.859
0.229 1 3437 4000 0.00025 0.85925
0.23 2 3439 4000 0.0005 0.85975
0.232 1 3440 4000 0.00025 0.86
0.233 1 3441 4000 0.00025 0.86025
0.234 2 3443 4000 0.0005 0.86075
0.237 1 3444 4000 0.00025 0.861
0.239 1 3445 4000 0.00025 0.86125
0.24 1 3446 4000 0.00025 0.8615
0.241 1 3447 4000 0.00025 0.86175
0.242 1 3448 4000 0.00025 0.862
0.243 1 3449 4000 0.00025 0.86225
0.244 1 3450 4000 0.00025 0.8625
0.246 1 3451 4000 0.00025 0.86275
0.248 3 3454 4000 0.00075 0.8635
0.249 2 3456 4000 0.0005 0.864
0.25 1 3457 4000 0.00025 0.86425
0.251 2 3459 4000 0.0005 0.86475
0.252 1 3460 4000 0.00025 0.865
0.253 1 3461 4000 0.00025 0.86525
0.254 2 3463 4000 0.0005 0.86575
0.258 1 3464 4000 0.00025 0.866
0.259 1 3465 4000 0.00025 0.86625
0.26 1 3466 4000 0.00025 0.8665
0.261 1 3467 4000 0.00025 0.86675
0.262 1 3468 4000 0.00025 0.867
0.264 3 3471 4000 0.00075 0.86775
0.265 2 3473 4000 0.0005 0.86825
0.266 1 3474 4000 0.00025 0.8685
0.269 1 3475 4000 0.00025 0.86875
0.272 1 3476 4000 0.00025 0.869
0.273 2 3478 4000 0.0005 0.8695
0.274 3 3481 4000 0.00075 0.87025
0.277 3 3484 4000 0.00075 0.871
0.279 1 3485 4000 0.00025 0.87125
0.281 2 3487 4000 0.0005 0.87175
0.282 1 3488 4000 0.00025 0.872
0.283 1 3489 4000 0.00025 0.87225
0.284 1 3490 4000 0.00025 0.8725
0.285 2 3492 4000 0.0005 0.873
0.286 3 3495 4000 0.00075 0.87375
0.287 3 3498 4000 0.00075 0.8745
0.288 3 3501 4000 0.00075 0.87525
0.289 2 3503 4000 0.0005 0.87575
0.29 3 3506 4000 0.00075 0.8765
0.291 2 3508 4000 0.0005 0.877
0.292 4 3512 4000 0.001 0.878
0.293 1 3513 4000 0.00025 0.87825
0.294 2 3515 4000 0.0005 0.87875
0.295 5 3520 4000 0.00125 0.88
0.296 4 3524 4000 0.001 0.881
0.297 2 3526 4000 0.0005 0.8815
0.298 2 3528 4000 0.0005 0.882
0.299 2 3530 4000 0.0005 0.8825
0.3 3 3533 4000 0.00075 0.88325
0.301 3 3536 4000 0.00075 0.884
0.302 3 3539 4000 0.00075 0.88475
0.303 1 3540 4000 0.00025 0.885
0.304 5 3545 4000 0.00125 0.88625
0.305 2 3547 4000 0.0005 0.88675
0.306 3 3550 4000 0.00075 0.8875
0.307 4 3554 4000 0.001 0.8885
0.308 2 3556 4000 0.0005 0.889
0.309 2 3558 4000 0.0005 0.8895
0.31 3 3561 4000 0.00075 0.89025
0.311 2 3563 4000 0.0005 0.89075
0.312 4 3567 4000 0.001 0.89175
0.313 2 3569 4000 0.0005 0.89225
0.314 3 3572 4000 0.00075 0.893
0.315 2 3574 4000 0.0005 0.8935
0.316 2 3576 4000 0.0005 0.894
0.317 4 3580 4000 0.001 0.895
0.318 6 3586 4000 0.0015 0.8965
0.319 1 3587 4000 0.00025 0.89675
0.32 1 3588 4000 0.00025 0.897
0.321 3 3591 4000 0.00075 0.89775
0.322 5 3596 4000 0.00125 0.899
0.324 2 3598 4000 0.0005 0.8995
0.325 3 3601 4000 0.00075 0.90025
0.326 6 3607 4000 0.0015 0.90175
0.327 4 3611 4000 0.001 0.90275
0.328 5 3616 4000 0.00125 0.904
0.329 2 3618 4000 0.0005 0.9045
0.33 7 3625 4000 0.00175 0.90625
0.331 7 3632 4000 0.00175 0.908
0.333 1 3633 4000 0.00025 0.90825
0.334 2 3635 4000 0.0005 0.90875
0.335 3 3638 4000 0.00075 0.9095
0.336 4 3642 4000 0.001 0.9105
0.337 3 3645 4000 0.00075 0.91125
0.338 4 3649 4000 0.001 0.91225
0.339 4 3653 4000 0.001 0.91325
0.341 3 3656 4000 0.00075 0.914
0.342 5 3661 4000 0.00125 0.91525
0.343 2 3663 4000 0.0005 0.91575
0.345 2 3665 4000 0.0005 0.91625
0.346 2 3667 4000 0.0005 0.91675
0.347 1 3668 4000 0.00025 0.917
0.348 6 3674 4000 0.0015 0.9185
0.349 1 3675 4000 0.00025 0.91875
0.35 4 3679 4000 0.001 0.91975
0.351 2 3681 4000 0.0005 0.92025
0.352 2 3683 4000 0.0005 0.92075
0.353 5 3688 4000 0.00125 0.922
0.354 3 3691 4000 0.00075 0.92275
0.355 5 3696 4000 0.00125 0.924
0.356 3 3699 4000 0.00075 0.92475
0.357 2 3701 4000 0.0005 0.92525
0.358 6 3707 4000 0.0015 0.92675
0.359 6 3713 4000 0.0015 0.92825
0.36 4 3717 4000 0.001 0.92925
0.361 4 3721 4000 0.001 0.93025
0.362 6 3727 4000 0.0015 0.93175
0.363 5 3732 4000 0.00125 0.933
0.364 5 3737 4000 0.00125 0.93425
0.365 4 3741 4000 0.001 0.93525
0.366 2 3743 4000 0.0005 0.93575
0.367 3 3746 4000 0.00075 0.9365
0.368 7 3753 4000 0.00175 0.93825
0.369 1 3754 4000 0.00025 0.9385
0.37 2 3756 4000 0.0005 0.939
0.372 3 3759 4000 0.00075 0.93975
0.373 1 3760 4000 0.00025 0.94
0.374 6 3766 4000 0.0015 0.9415
0.375 5 3771 4000 0.00125 0.94275
0.376 6 3777 4000 0.0015 0.94425
0.378 3 3780 4000 0.00075 0.945
0.379 4 3784 4000 0.001 0.946
0.38 6 3790 4000 0.0015 0.9475
0.381 2 3792 4000 0.0005 0.948
0.382 3 3795 4000 0.00075 0.94875
0.383 1 3796 4000 0.00025 0.949
0.384 4 3800 4000 0.001 0.95
0.385 9 3809 4000 0.00225 0.95225
0.386 5 3814 4000 0.00125 0.9535
0.387 4 3818 4000 0.001 0.9545
0.388 1 3819 4000 0.00025 0.95475
0.389 1 3820 4000 0.00025 0.955
0.39 3 3823 4000 0.00075 0.95575
0.391 2 3825 4000 0.0005 0.95625
0.392 2 3827 4000 0.0005 0.95675
0.393 3 3830 4000 0.00075 0.9575
0.394 4 3834 4000 0.001 0.9585
0.396 6 3840 4000 0.0015 0.96
0.397 1 3841 4000 0.00025 0.96025
0.398 4 3845 4000 0.001 0.96125
0.399 4 3849 4000 0.001 0.96225
0.4 2 3851 4000 0.0005 0.96275
0.401 3 3854 4000 0.00075 0.9635
0.403 3 3857 4000 0.00075 0.96425
0.404 6 3863 4000 0.0015 0.96575
0.405 2 3865 4000 0.0005 0.96625
0.406 4 3869 4000 0.001 0.96725
0.407 2 3871 4000 0.0005 0.96775
0.408 1 3872 4000 0.00025 0.968
0.409 2 3874 4000 0.0005 0.9685
0.411 4 3878 4000 0.001 0.9695
0.412 5 3883 4000 0.00125 0.97075
0.413 1 3884 4000 0.00025 0.971
0.414 1 3885 4000 0.00025 0.97125
0.415 2 3887 4000 0.0005 0.97175
0.416 3 3890 4000 0.00075 0.9725
0.417 2 3892 4000 0.0005 0.973
0.418 2 3894 4000 0.0005 0.9735
0.419 1 3895 4000 0.00025 0.97375
0.42 3 3898 4000 0.00075 0.9745
0.421 2 3900 4000 0.0005 0.975
0.422 2 3902 4000 0.0005 0.9755
0.423 2 3904 4000 0.0005 0.976
0.425 3 3907 4000 0.00075 0.97675
0.426 2 3909 4000 0.0005 0.97725
0.427 3 3912 4000 0.00075 0.978
0.428 1 3913 4000 0.00025 0.97825
0.429 1 3914 4000 0.00025 0.9785
0.43 1 3915 4000 0.00025 0.97875
0.431 2 3917 4000 0.0005 0.97925
0.432 1 3918 4000 0.00025 0.9795
0.433 2 3920 4000 0.0005 0.98
0.434 1 3921 4000 0.00025 0.98025
0.436 5 3926 4000 0.00125 0.9815
0.437 3 3929 4000 0.00075 0.98225
0.438 1 3930 4000 0.00025 0.9825
0.439 3 3933 4000 0.00075 0.98325
0.44 1 3934 4000 0.00025 0.9835
0.441 2 3936 4000 0.0005 0.984
0.442 1 3937 4000 0.00025 0.98425
0.443 3 3940 4000 0.00075 0.985
0.444 3 3943 4000 0.00075 0.98575
0.445 2 3945 4000 0.0005 0.98625
0.446 2 3947 4000 0.0005 0.98675
0.448 2 3949 4000 0.0005 0.98725
0.449 2 3951 4000 0.0005 0.98775
0.45 1 3952 4000 0.00025 0.988
0.451 2 3954 4000 0.0005 0.9885
0.453 1 3955 4000 0.00025 0.98875
0.455 2 3957 4000 0.0005 0.98925
0.456 2 3959 4000 0.0005 0.98975
0.457 1 3960 4000 0.00025 0.99
0.459 3 3963 4000 0.00075 0.99075
0.46 1 3964 4000 0.00025 0.991
0.461 2 3966 4000 0.0005 0.9915
0.462 1 3967 4000 0.00025 0.99175
0.465 2 3969 4000 0.0005 0.99225
0.467 1 3970 4000 0.00025 0.9925
0.469 1 3971 4000 0.00025 0.99275
0.47 1 3972 4000 0.00025 0.993
0.472 2 3974 4000 0.0005 0.9935
0.473 1 3975 4000 0.00025 0.99375
0.475 1 3976 4000 0.00025 0.994
0.476 1 3977 4000 0.00025 0.99425
0.477 1 3978 4000 0.00025 0.9945
0.48 3 3981 4000 0.00075 0.99525
0.481 1 3982 4000 0.00025 0.9955
0.482 1 3983 4000 0.00025 0.99575
0.485 1 3984 4000 0.00025 0.996
0.486 1 3985 4000 0.00025 0.99625
0.491 1 3986 4000 0.00025 0.9965
0.492 1 3987 4000 0.00025 0.99675
0.504 1 3988 4000 0.00025 0.997
0.506 1 3989 4000 0.00025 0.99725
0.509 1 3990 4000 0.00025 0.9975
0.511 1 3991 4000 0.00025 0.99775
0.526 1 3992 4000 0.00025 0.998
0.529 1 3993 4000 0.00025 0.99825
0.558 1 3994 4000 0.00025 0.9985
0.568 1 3995 4000 0.00025 0.99875
0.639 1 3996 4000 0.00025 0.999
0.723 1 3997 4000 0.00025 0.99925
0.739 1 3998 4000 0.00025 0.9995
0.782 1 3999 4000 0.00025 0.99975
0.866 1 4000 4000 0.00025 1.0
